0,-1=align,7,1,7
0,-1=focus,5,2,8,5,2,3,8,7
1,-1=align,8,0,8
1,-1=focus,7,2,7,4,4,2,6,8
2,-1=align,5,5,7
2,-1=focus,2,1,5,1,10,9,7,5
3,-1=align,2,6,7
3,-1=focus,8,5,0,2,8,8,5,4
4,-1=align,0,6,8
4,-1=focus,8,10,0,4,1,1,6,10
5,-1=align,5,7,9
5,-1=focus,3,2,7,6,4,4,10,4
6,-1=align,8,3,5
6,-1=focus,5,1,10,5,2,5,10,2
7,-1=align,0,7,8
7,-1=focus,5,8,1,7,1,2,6,10
8,-1=align,7,0,4
8,-1=focus,6,3,10,8,2,3,3,5
9,-1=align,0,2,7
9,-1=focus,10,10,0,9,1,1,4,5
10,-1=align,6,9,8
10,-1=focus,5,2,10,2,4,10,6,1
11,-1=align,2,4,6
11,-1=focus,10,10,1,8,1,1,5,4
12,-1=align,7,7,3
12,-1=focus,3,2,7,3,10,10,3,2
13,-1=align,2,6,7
13,-1=focus,6,8,1,4,3,2,8,8
14,-1=align,3,9,7
14,-1=focus,4,1,7,4,4,4,10,6
15,-1=align,7,4,2
15,-1=focus,5,2,6,2,10,10,3,2
16,-1=align,4,7,5
16,-1=focus,5,2,5,3,5,6,8,6
17,-1=align,8,0,4
17,-1=focus,7,4,8,6,1,2,8,4
18,-1=align,2,7,8
18,-1=focus,10,7,2,9,1,2,7,2
0,1=align,7,1,7
0,1=focus,6,2,7,5,3,3,7,7
0,2=align,6,2,7
0,2=focus,5,2,7,3,5,5,7,6
0,3=align,5,3,7
0,3=focus,6,3,5,4,4,5,7,6
0,4=align,5,3,7
0,4=focus,7,5,5,5,1,2,7,8
0,5=align,6,3,7
0,5=focus,5,2,7,5,3,3,9,6
0,6=align,7,1,6
0,6=focus,6,1,9,5,2,3,9,5
0,7=align,5,3,7
0,7=focus,6,5,5,5,1,3,7,8
0,8=align,7,1,6
0,8=focus,6,2,9,6,2,3,6,6
0,9=align,5,1,7
0,9=focus,8,5,5,6,1,2,7,6
0,10=align,7,3,7
0,10=focus,5,2,9,4,3,5,7,5
0,11=align,5,2,7
0,11=focus,8,5,5,6,1,2,7,6
0,12=align,7,3,5
0,12=focus,5,3,7,4,5,5,6,5
0,13=align,5,3,7
0,13=focus,6,4,5,5,2,3,8,7
0,14=align,5,3,7
0,14=focus,5,1,7,5,3,3,9,7
0,15=align,7,2,5
0,15=focus,6,2,7,4,5,5,6,5
0,16=align,6,3,6
0,16=focus,5,2,7,4,3,4,8,7
0,17=align,7,1,6
0,17=focus,6,3,8,5,1,3,8,6
0,18=align,5,3,7
0,18=focus,8,4,6,6,1,3,7,5
1,0=align,7,0,7
1,0=focus,7,3,7,4,3,2,7,7
1,2=align,7,1,7
1,2=focus,6,2,6,3,6,4,6,7
1,3=align,6,2,7
1,3=focus,8,3,5,3,5,4,5,7
1,4=align,5,2,8
1,4=focus,7,5,5,4,3,1,6,9
1,5=align,7,2,8
1,5=focus,5,2,7,5,4,3,7,7
1,6=align,8,1,7
1,6=focus,7,2,8,4,3,3,7,6
1,7=align,5,2,8
1,7=focus,6,4,5,5,3,2,6,9
1,8=align,7,0,7
1,8=focus,8,2,8,5,3,2,5,7
1,9=align,5,1,7
1,9=focus,9,5,5,5,3,1,5,7
1,10=align,7,3,8
1,10=focus,7,2,8,3,4,5,6,5
1,11=align,6,1,7
1,11=focus,9,5,5,5,3,1,5,7
1,12=align,7,2,6
1,12=focus,6,2,7,3,6,5,5,6
1,13=align,6,2,7
1,13=focus,7,4,5,4,3,2,7,8
1,14=align,6,3,7
1,14=focus,7,1,7,4,4,3,7,7
1,15=align,7,1,6
1,15=focus,6,2,7,3,6,5,5,6
1,16=align,7,2,7
1,16=focus,7,3,6,3,4,3,7,7
1,17=align,8,0,7
1,17=focus,6,3,7,5,3,2,7,7
1,18=align,6,2,8
1,18=focus,9,4,5,5,3,2,6,6
2,0=align,5,3,7
2,0=focus,4,2,6,2,7,7,7,5
2,1=align,6,3,7
2,1=focus,4,1,5,2,8,7,7,6
2,3=align,4,5,7
2,3=focus,5,2,3,1,9,9,6,5
2,4=align,3,5,7
2,4=focus,4,4,3,2,7,6,7,7
2,5=align,5,5,7
2,5=focus,3,1,5,3,8,7,8,5
2,6=align,6,4,6
2,6=focus,4,1,7,2,7,7,8,4
2,7=align,3,5,7
2,7=focus,3,3,3,3,7,7,7,7
2,8=align,5,3,6
2,8=focus,4,2,7,3,7,7,5,5
2,9=align,3,4,7
2,9=focus,6,4,3,3,7,6,6,5
2,10=align,5,6,7
2,10=focus,4,1,7,1,8,9,7,3
2,11=align,4,5,7
2,11=focus,6,4,3,3,7,6,6,5
2,12=align,5,5,5
2,12=focus,3,2,6,1,10,9,5,4
2,13=align,4,5,7
2,13=focus,4,4,3,2,7,7,7,6
2,14=align,4,6,7
2,14=focus,4,1,5,2,8,7,8,5
2,15=align,5,5,5
2,15=focus,4,2,5,1,10,9,5,4
2,16=align,5,5,6
2,16=focus,4,2,5,1,8,8,7,5
2,17=align,6,3,6
2,17=focus,3,2,6,3,7,7,7,5
2,18=align,4,5,7
2,18=focus,5,3,4,3,7,7,7,4
3,0=align,3,4,7
3,0=focus,7,4,3,3,6,6,6,5
3,1=align,4,4,7
3,1=focus,8,4,2,3,7,6,5,5
3,2=align,3,5,7
3,2=focus,7,4,2,1,9,8,5,4
3,4=align,1,6,7
3,4=focus,9,7,0,3,5,5,5,6
3,5=align,3,6,7
3,5=focus,6,4,2,3,7,7,7,4
3,6=align,4,5,6
3,6=focus,8,3,3,3,6,7,7,3
3,7=align,1,6,7
3,7=focus,8,7,0,3,5,6,5,6
3,8=align,3,4,6
3,8=focus,8,5,3,4,6,6,4,4
3,9=align,1,5,7
3,9=focus,10,7,0,4,5,5,5,4
3,10=align,3,7,7
3,10=focus,7,4,3,2,7,9,5,3
3,11=align,2,5,7
3,11=focus,10,7,0,4,5,5,5,4
3,12=align,3,6,5
3,12=focus,7,4,2,2,9,9,4,3
3,13=align,2,6,7
3,13=focus,8,6,0,3,6,6,6,5
3,14=align,2,7,7
3,14=focus,6,3,2,3,7,7,7,5
3,15=align,3,5,5
3,15=focus,7,4,2,2,9,9,4,3
3,16=align,3,6,6
3,16=focus,8,4,1,2,7,7,6,5
3,17=align,4,4,6
3,17=focus,8,5,3,3,5,6,6,4
3,18=align,2,6,7
3,18=focus,10,6,1,4,5,6,5,3
4,0=align,2,4,7
4,0=focus,8,7,3,4,1,1,7,9
4,1=align,3,4,8
4,1=focus,8,8,2,4,2,1,6,9
4,2=align,1,5,7
4,2=focus,7,8,1,3,4,3,6,8
4,3=align,1,6,7
4,3=focus,9,9,0,3,3,3,5,8
4,5=align,1,6,8
4,5=focus,7,7,2,5,2,2,7,8
4,6=align,3,5,7
4,6=focus,8,8,3,4,1,2,7,7
4,7=align,0,6,8
4,7=focus,8,9,0,5,1,1,6,10
4,8=align,2,4,7
4,8=focus,8,8,4,5,1,1,5,8
4,9=align,0,5,7
4,9=focus,10,10,0,5,1,1,5,8
4,10=align,2,7,8
4,10=focus,8,7,3,3,2,4,6,7
4,11=align,1,5,7
4,11=focus,10,10,0,5,1,1,5,8
4,12=align,2,6,6
4,12=focus,7,8,2,3,4,4,5,7
4,13=align,1,6,7
4,13=focus,8,10,0,4,1,1,7,9
4,14=align,1,7,7
4,14=focus,7,7,2,4,2,2,7,9
4,15=align,2,5,6
4,15=focus,8,7,2,3,4,4,5,7
4,16=align,1,6,7
4,16=focus,8,7,1,3,2,3,7,9
4,17=align,3,4,7
4,17=focus,7,8,3,5,1,1,7,8
4,18=align,1,6,8
4,18=focus,10,9,1,5,1,1,6,7
5,0=align,5,5,8
5,0=focus,4,3,8,5,3,3,9,5
5,1=align,6,5,9
5,1=focus,5,2,7,5,4,3,9,5
5,2=align,5,6,8
5,2=focus,4,2,6,4,6,5,9,4
5,3=align,4,7,8
5,3=focus,5,3,5,5,5,5,8,4
5,4=align,3,7,9
5,4=focus,4,5,5,5,3,3,9,6
5,6=align,6,5,7
5,6=focus,4,2,9,5,3,4,10,3
5,7=align,3,7,9
5,7=focus,4,4,5,6,3,3,9,6
5,8=align,5,5,7
5,8=focus,5,3,8,7,3,3,7,4
5,9=align,3,5,8
5,9=focus,5,5,5,7,3,3,8,4
5,10=align,5,7,9
5,10=focus,3,2,8,5,4,6,9,3
5,11=align,4,6,8
5,11=focus,5,5,5,7,3,3,8,4
5,12=align,5,7,7
5,12=focus,4,2,7,5,6,6,7,3
5,13=align,4,7,8
5,13=focus,5,5,5,5,3,3,9,5
5,14=align,4,7,8
5,14=focus,4,1,7,5,4,4,10,5
5,15=align,5,6,7
5,15=focus,4,2,7,5,6,6,7,3
5,16=align,5,7,7
5,16=focus,4,2,6,5,4,5,9,5
5,17=align,6,5,7
5,17=focus,5,3,7,6,3,3,9,4
5,18=align,4,7,9
5,18=focus,6,4,5,7,3,3,9,3
6,0=align,7,2,5
6,0=focus,6,2,9,5,2,4,9,3
6,1=align,8,2,6
6,1=focus,5,1,9,5,3,4,9,4
6,2=align,7,3,5
6,2=focus,5,1,8,3,5,6,9,3
6,3=align,6,4,5
6,3=focus,6,2,7,4,4,6,8,3
6,4=align,5,4,6
6,4=focus,6,4,7,5,1,3,9,5
6,5=align,7,4,6
6,5=focus,4,1,9,5,3,5,10,3
6,7=align,5,4,6
6,7=focus,6,3,7,5,1,4,9,5
6,8=align,7,2,5
6,8=focus,6,2,10,6,2,4,7,3
6,9=align,5,3,5
6,9=focus,8,4,7,6,1,3,8,3
6,10=align,7,5,6
6,10=focus,5,1,10,4,3,7,9,1
6,11=align,6,3,5
6,11=focus,8,4,7,6,1,3,8,3
6,12=align,7,4,4
6,12=focus,5,1,9,4,5,7,7,2
6,13=align,6,4,5
6,13=focus,6,3,7,5,2,4,9,4
6,14=align,6,5,5
6,14=focus,4,1,9,5,3,5,10,3
6,15=align,7,3,4
6,15=focus,5,1,9,4,5,7,7,2
6,16=align,7,4,5
6,16=focus,6,2,8,4,3,5,9,3
6,17=align,8,2,5
6,17=focus,6,3,9,5,1,4,9,3
6,18=align,6,4,6
6,18=focus,8,3,7,6,1,4,9,2
7,0=align,2,5,7
7,0=focus,6,6,3,6,1,2,7,9
7,1=align,3,5,8
7,1=focus,6,6,3,6,2,2,6,9
7,2=align,1,6,7
7,2=focus,5,6,2,5,4,4,6,8
7,3=align,1,7,7
7,3=focus,7,7,1,5,3,4,5,8
7,4=align,0,7,8
7,4=focus,6,9,1,6,1,1,6,10
7,5=align,1,7,8
7,5=focus,4,6,3,7,2,3,7,8
7,6=align,3,5,7
7,6=focus,6,6,4,6,1,3,7,7
7,8=align,2,5,7
7,8=focus,6,7,4,7,1,2,5,8
7,9=align,0,5,7
7,9=focus,8,9,1,7,1,1,5,8
7,10=align,2,7,8
7,10=focus,5,6,4,5,2,5,6,7
7,11=align,1,6,7
7,11=focus,8,9,1,7,1,1,5,8
7,12=align,2,7,6
7,12=focus,5,6,3,5,4,5,5,7
7,13=align,1,7,7
7,13=focus,6,8,1,6,1,2,7,9
7,14=align,1,7,7
7,14=focus,5,5,3,6,2,3,7,9
7,15=align,2,6,6
7,15=focus,5,6,3,5,4,5,5,7
7,16=align,1,7,7
7,16=focus,6,6,2,5,2,3,7,9
7,17=align,3,5,7
7,17=focus,5,7,3,7,1,2,7,8
7,18=align,1,7,8
7,18=focus,8,8,1,7,1,2,6,7
8,0=align,7,0,5
8,0=focus,6,3,9,7,2,3,5,5
8,1=align,7,0,5
8,1=focus,5,3,9,7,3,3,4,6
8,2=align,6,1,5
8,2=focus,6,2,8,5,5,5,4,5
8,3=align,5,2,5
8,3=focus,7,3,7,6,4,5,3,5
8,4=align,5,2,5
8,4=focus,7,5,7,7,1,2,4,7
8,5=align,6,2,5
8,5=focus,5,3,9,7,3,3,5,5
8,6=align,7,1,4
8,6=focus,6,3,10,7,2,3,5,4
8,7=align,5,2,5
8,7=focus,6,5,7,7,1,3,4,7
8,9=align,5,1,5
8,9=focus,8,6,7,8,1,2,3,5
8,10=align,7,3,5
8,10=focus,6,3,10,6,3,5,4,3
8,11=align,5,1,5
8,11=focus,8,6,7,8,1,2,3,5
8,12=align,7,2,3
8,12=focus,5,3,9,6,5,5,3,4
8,13=align,5,2,5
8,13=focus,5,5,7,7,2,3,5,6
8,14=align,5,3,5
8,14=focus,6,2,9,7,3,3,5,5
8,15=align,7,1,3
8,15=focus,5,3,9,6,5,5,3,4
8,16=align,6,2,4
8,16=focus,6,3,8,6,3,4,5,5
8,17=align,7,0,4
8,17=focus,7,3,9,7,1,3,5,5
8,18=align,5,2,5
8,18=focus,8,5,7,8,1,3,4,4
9,0=align,2,1,7
9,0=focus,9,8,4,7,1,1,5,5
9,1=align,3,1,7
9,1=focus,10,7,2,7,2,1,5,6
9,2=align,1,3,7
9,2=focus,8,8,1,6,4,3,5,5
9,3=align,1,3,7
9,3=focus,10,8,0,7,3,3,4,5
9,4=align,0,3,7
9,4=focus,9,10,0,7,1,1,5,7
9,5=align,1,3,7
9,5=focus,8,7,2,8,2,2,6,5
9,6=align,3,2,6
9,6=focus,9,8,3,7,1,2,6,4
9,7=align,0,3,7
9,7=focus,9,9,0,8,1,1,5,7
9,8=align,2,1,6
9,8=focus,10,8,3,9,1,1,3,5
9,10=align,2,4,7
9,10=focus,9,7,3,7,2,4,5,3
9,11=align,1,3,7
9,11=focus,10,10,0,9,1,1,4,5
9,12=align,2,3,5
9,12=focus,8,8,2,7,4,4,3,4
9,13=align,1,3,7
9,13=focus,10,10,0,7,1,1,5,6
9,14=align,1,4,7
9,14=focus,9,7,2,7,2,2,6,5
9,15=align,2,3,5
9,15=focus,9,7,2,7,4,4,3,4
9,16=align,1,3,6
9,16=focus,9,8,1,7,2,3,5,5
9,17=align,3,1,6
9,17=focus,9,8,3,8,1,1,5,5
9,18=align,1,3,7
9,18=focus,10,9,1,9,1,1,5,4
10,0=align,6,6,7
10,0=focus,6,2,9,3,3,7,7,3
10,1=align,7,6,8
10,1=focus,6,2,9,3,4,7,6,3
10,2=align,5,7,7
10,2=focus,5,2,9,1,6,9,6,2
10,3=align,5,8,7
10,3=focus,7,3,7,2,5,9,5,2
10,4=align,4,8,8
10,4=focus,5,5,7,3,3,7,6,4
10,5=align,5,8,8
10,5=focus,5,2,9,3,4,8,7,2
10,6=align,7,7,7
10,6=focus,6,2,10,3,3,8,7,1
10,7=align,4,8,8
10,7=focus,6,4,7,3,3,7,6,4
10,8=align,6,6,7
10,8=focus,6,3,10,4,3,7,5,2
10,9=align,4,7,7
10,9=focus,7,5,7,4,3,7,5,2
10,11=align,5,7,7
10,11=focus,7,5,7,4,3,7,5,2
10,12=align,6,8,6
10,12=focus,5,2,9,2,6,10,5,1
10,13=align,5,8,7
10,13=focus,6,4,7,3,3,7,7,3
10,14=align,5,9,7
10,14=focus,5,1,9,3,4,8,7,3
10,15=align,6,7,6
10,15=focus,5,2,9,2,6,10,5,1
10,16=align,5,8,7
10,16=focus,5,2,8,2,4,9,7,3
10,17=align,7,6,7
10,17=focus,6,3,9,3,3,7,7,2
10,18=align,5,8,8
10,18=focus,8,4,7,4,3,7,6,1
11,0=align,3,3,6
11,0=focus,9,8,3,7,1,1,6,5
11,1=align,4,3,7
11,1=focus,10,7,3,7,2,1,5,5
11,2=align,3,4,6
11,2=focus,8,8,3,5,4,3,5,4
11,3=align,2,5,6
11,3=focus,10,8,1,6,3,3,5,4
11,4=align,1,5,7
11,4=focus,9,10,1,7,1,1,5,6
11,5=align,3,5,7
11,5=focus,8,7,3,7,2,2,7,4
11,6=align,4,3,5
11,6=focus,9,7,4,7,1,2,7,3
11,7=align,1,5,7
11,7=focus,9,10,1,7,1,1,5,6
11,8=align,3,3,5
11,8=focus,10,8,4,8,1,1,4,4
11,9=align,1,3,6
11,9=focus,10,10,1,8,1,1,5,4
11,10=align,3,5,7
11,10=focus,9,7,4,6,2,4,5,3
11,12=align,3,5,5
11,12=focus,8,8,3,6,4,4,4,3
11,13=align,2,5,6
11,13=focus,10,9,1,7,1,1,6,5
11,14=align,2,5,6
11,14=focus,7,7,3,7,2,2,7,5
11,15=align,3,4,5
11,15=focus,9,7,3,6,4,4,4,3
11,16=align,3,5,5
11,16=focus,9,7,2,6,2,3,6,5
11,17=align,4,3,5
11,17=focus,10,8,3,7,1,1,6,4
11,18=align,2,5,7
11,18=focus,10,10,2,8,1,1,5,3
12,0=align,7,5,4
12,0=focus,4,3,8,3,7,7,5,3
12,1=align,7,5,5
12,1=focus,5,2,7,3,8,7,4,4
12,2=align,6,6,4
12,2=focus,4,2,6,2,10,9,4,3
12,3=align,5,7,4
12,3=focus,5,3,5,3,9,9,3,3
12,4=align,5,7,5
12,4=focus,4,5,5,3,7,7,4,5
12,5=align,6,7,5
12,5=focus,3,2,7,4,8,8,5,3
12,6=align,7,5,3
12,6=focus,4,2,9,3,7,8,5,2
12,7=align,5,7,5
12,7=focus,4,4,5,4,7,7,4,5
12,8=align,7,5,3
12,8=focus,5,2,8,5,7,7,3,3
12,9=align,5,5,4
12,9=focus,5,5,5,5,7,7,3,3
12,10=align,7,7,5
12,10=focus,4,2,8,3,8,10,4,1
12,11=align,5,6,4
12,11=focus,5,5,5,5,7,7,3,3
12,13=align,5,7,4
12,13=focus,5,4,5,3,7,7,5,4
12,14=align,5,7,4
12,14=focus,4,2,7,3,8,8,5,3
12,15=align,7,6,3
12,15=focus,3,2,7,3,10,10,3,2
12,16=align,6,7,3
12,16=focus,4,2,6,3,8,9,5,3
12,17=align,7,5,3
12,17=focus,4,3,7,4,7,7,5,3
12,18=align,5,7,5
12,18=focus,6,4,5,5,7,7,4,2
13,0=align,3,4,7
13,0=focus,6,7,3,4,3,2,8,7
13,1=align,4,4,7
13,1=focus,7,6,3,4,3,2,7,8
13,2=align,3,5,7
13,2=focus,6,6,2,3,5,4,7,7
13,3=align,2,6,7
13,3=focus,6,7,1,3,5,4,7,7
13,4=align,1,6,7
13,4=focus,7,9,1,4,2,1,7,9
13,5=align,3,6,7
13,5=focus,4,6,3,5,3,3,9,7
13,6=align,4,5,6
13,6=focus,6,5,4,4,3,3,9,6
13,7=align,1,6,7
13,7=focus,6,8,1,5,2,2,7,9
13,8=align,3,4,6
13,8=focus,7,6,4,5,3,2,6,7
13,9=align,1,5,7
13,9=focus,8,9,1,5,2,1,7,7
13,10=align,3,7,7
13,10=focus,6,7,4,3,3,5,7,5
13,11=align,2,5,7
13,11=focus,8,9,1,5,2,1,7,7
13,12=align,3,6,5
13,12=focus,6,6,3,3,5,5,6,6
13,14=align,2,7,7
13,14=focus,6,5,3,4,3,3,9,7
13,15=align,3,5,5
13,15=focus,6,6,3,3,5,5,6,6
13,16=align,3,6,6
13,16=focus,6,7,3,3,3,3,8,7
13,17=align,4,4,6
13,17=focus,6,7,3,5,2,2,8,7
13,18=align,2,6,7
13,18=focus,8,8,2,5,2,2,7,6
14,0=align,4,6,7
14,0=focus,5,2,8,4,3,3,9,6
14,1=align,5,6,7
14,1=focus,5,1,7,4,4,3,9,7
14,2=align,3,7,7
14,2=focus,4,2,6,3,6,5,9,5
14,3=align,3,8,7
14,3=focus,6,3,5,3,5,5,8,5
14,4=align,2,8,7
14,4=focus,5,4,5,4,3,3,9,7
14,5=align,3,8,7
14,5=focus,4,1,7,5,4,4,10,5
14,6=align,5,7,6
14,6=focus,5,1,8,4,3,4,10,5
14,7=align,2,8,7
14,7=focus,5,3,5,5,3,3,9,7
14,8=align,4,6,6
14,8=focus,6,2,9,5,3,3,7,5
14,9=align,2,7,7
14,9=focus,7,4,5,5,3,3,8,5
14,10=align,4,9,7
14,10=focus,5,1,8,3,4,6,9,4
14,11=align,3,7,7
14,11=focus,7,4,5,5,3,3,8,5
14,12=align,4,8,5
14,12=focus,4,2,7,3,6,6,7,5
14,13=align,3,8,7
14,13=focus,6,3,5,4,3,3,9,7
14,15=align,4,7,5
14,15=focus,5,1,7,3,6,6,7,5
14,16=align,3,8,6
14,16=focus,5,2,6,3,4,5,9,6
14,17=align,5,6,6
14,17=focus,6,2,7,5,3,3,9,5
14,18=align,3,8,7
14,18=focus,7,3,5,5,3,3,9,5
15,0=align,7,3,3
15,0=focus,6,2,7,3,7,7,5,3
15,1=align,7,3,4
15,1=focus,6,2,6,3,8,7,4,4
15,2=align,6,4,3
15,2=focus,5,2,6,1,10,9,4,3
15,3=align,5,5,3
15,3=focus,7,3,4,2,9,9,3,3
15,4=align,5,5,4
15,4=focus,5,5,4,3,7,7,4,5
15,5=align,6,5,4
15,5=focus,5,2,6,3,8,8,5,3
15,6=align,7,3,3
15,6=focus,6,2,7,3,7,8,5,2
15,7=align,5,5,4
15,7=focus,6,4,4,3,7,7,4,5
15,8=align,7,3,3
15,8=focus,6,3,7,4,7,7,3,3
15,9=align,5,3,3
15,9=focus,7,5,4,4,7,7,3,3
15,10=align,7,5,4
15,10=focus,6,2,7,2,8,10,4,1
15,11=align,5,4,3
15,11=focus,7,5,4,4,7,7,3,3
15,12=align,7,5,2
15,12=focus,5,2,6,2,10,10,3,2
15,13=align,5,5,3
15,13=focus,6,4,4,3,7,7,5,4
15,14=align,5,5,3
15,14=focus,6,1,6,3,8,8,5,3
15,16=align,6,5,3
15,16=focus,6,2,5,2,8,9,5,3
15,17=align,7,3,3
15,17=focus,5,3,7,3,7,7,5,3
15,18=align,5,5,4
15,18=focus,8,3,5,4,7,7,4,2
16,0=align,5,5,5
16,0=focus,6,2,6,3,4,5,8,6
16,1=align,5,5,6
16,1=focus,6,2,5,3,5,5,7,7
16,2=align,4,6,5
16,2=focus,5,2,5,2,7,7,7,5
16,3=align,3,7,5
16,3=focus,6,3,3,3,6,7,7,5
16,4=align,3,7,6
16,4=focus,7,6,3,3,3,4,7,7
16,5=align,4,7,6
16,5=focus,5,2,5,4,5,5,9,5
16,6=align,5,5,5
16,6=focus,6,1,7,3,4,5,9,5
16,7=align,3,7,6
16,7=focus,6,5,3,4,3,5,7,7
16,8=align,5,5,5
16,8=focus,6,2,7,5,4,5,6,5
16,9=align,3,5,5
16,9=focus,8,5,3,5,3,4,7,5
16,10=align,5,7,6
16,10=focus,5,2,7,3,5,7,7,4
16,11=align,3,6,5
16,11=focus,8,5,3,5,3,4,7,5
16,12=align,5,7,4
16,12=focus,5,2,5,3,7,7,6,5
16,13=align,3,7,5
16,13=focus,6,4,3,3,4,5,8,7
16,14=align,3,7,5
16,14=focus,6,1,5,3,5,5,9,6
16,15=align,5,6,4
16,15=focus,5,2,5,3,7,7,6,5
16,17=align,5,5,5
16,17=focus,6,3,6,4,3,5,8,5
16,18=align,3,7,6
16,18=focus,8,3,4,5,3,5,7,5
17,0=align,7,0,5
17,0=focus,7,4,8,5,1,2,8,5
17,1=align,8,0,5
17,1=focus,8,4,7,5,2,2,7,5
17,2=align,7,1,5
17,2=focus,6,4,7,4,4,4,7,4
17,3=align,6,2,5
17,3=focus,8,4,5,5,3,4,7,4
17,4=align,5,2,5
17,4=focus,8,7,5,5,1,1,7,6
17,5=align,7,2,5
17,5=focus,6,3,7,6,2,3,9,4
17,6=align,8,1,4
17,6=focus,7,3,9,5,1,3,9,3
17,7=align,5,2,5
17,7=focus,7,6,5,6,1,2,7,6
17,8=align,7,0,4
17,8=focus,8,3,9,7,1,2,6,4
17,9=align,5,1,5
17,9=focus,9,6,5,7,1,1,7,4
17,10=align,7,3,5
17,10=focus,6,3,9,5,2,5,7,3
17,11=align,6,1,5
17,11=focus,9,6,5,7,1,1,7,4
17,12=align,7,2,3
17,12=focus,6,4,7,5,4,5,6,3
17,13=align,6,2,5
17,13=focus,8,6,5,5,1,2,8,5
17,14=align,6,3,5
17,14=focus,6,3,7,5,2,3,9,5
17,15=align,7,1,3
17,15=focus,7,3,7,5,4,5,6,3
17,16=align,7,2,4
17,16=focus,7,3,7,5,2,3,8,5
17,18=align,6,2,5
17,18=focus,9,5,6,7,1,2,7,3
18,0=align,3,5,7
18,0=focus,9,6,5,7,1,2,7,3
18,1=align,4,5,8
18,1=focus,10,5,3,7,2,2,7,4
18,2=align,3,6,7
18,2=focus,8,5,3,6,4,4,7,3
18,3=align,2,7,7
18,3=focus,10,6,1,7,3,4,6,3
18,4=align,1,7,8
18,4=focus,10,8,1,7,1,1,7,5
18,5=align,3,7,8
18,5=focus,8,5,3,8,2,3,8,3
18,6=align,4,5,7
18,6=focus,9,5,5,7,1,3,8,2
18,7=align,1,7,8
18,7=focus,9,7,1,8,1,2,7,5
18,8=align,3,5,7
18,8=focus,10,5,5,9,1,2,5,3
18,9=align,1,5,7
18,9=focus,10,9,1,9,1,1,6,3
18,10=align,3,7,8
18,10=focus,8,5,5,7,2,5,7,1
18,11=align,2,6,7
18,11=focus,10,9,1,9,1,1,6,3
18,12=align,3,7,6
18,12=focus,8,6,3,7,4,5,5,2
18,13=align,2,7,7
18,13=focus,10,8,1,7,1,2,7,4
18,14=align,2,7,7
18,14=focus,9,5,3,7,2,3,8,3
18,15=align,3,6,6
18,15=focus,9,5,3,7,4,5,5,2
18,16=align,3,7,7
18,16=focus,9,6,3,7,2,3,7,3
18,17=align,4,5,7
18,17=focus,9,6,4,8,1,2,7,3